"name";"def";"min";"max";"calib"
"soildepth";413;-999;-999;413
"ThetaFC";0.45;-999;-999;0.45
"ThetaPWP";0.118;-999;-999;0.118
"tauDrainage";3;-999;-999;3
"beta";0.748018;0.2;2.5;0.895327262622394
"tau";13.23383;1;25;13.7929881028574
"X[0]";-3.9657867;-20;20.1;1.11882003220145
"S[max]";18.76696;2.3;30;11.1084203005826
"kappa";-0.130473;-1;-0.001;-0.999344704659047
"gamma";0.034459;0.000103;0.503;0.0236189072956426
"rho[P]";0.450828;0;0.999;0.450828
"cmCO2";2000;-999;-999;2000
"ckappaCO2";0.4;-999;-999;0.4
"alpha";0.324463;1e-06;10;0.883237558149359
"lambda";0.874151;1e-04;1.2;0.0559071239240667
"chi";0.075601;0;2.5;0.193410709884446
"rho[ET]";0.541605;0;0.9999;0.541605
"nu";0.273584;1e-04;5;0.273584
"Meltcoef";1.2;-999;-999;1.2
"I_0";0.33;-999;-999;0.33
"CWmax";4.970496;-999;-999;4.970496
"SnowThreshold";0;-999;-999;0
"T_0";0;-999;-999;0
"SWinit";200;-999;-999;200
"CWinit";0;-999;-999;0
"SOGinit";0;-999;-999;0
"Sinit";20;-999;-999;20
"t0";-999;-999;-999;-999
"tcrit";-999;-999;-999;-999
"tsumcrit";-999;-999;-999;-999
"sd_gpp";1;0.001;5;1
"sd_et";1;0;10;1
