"GPP"
0.0775083333333333
0.1283068125
0.0737333958333333
0.336156979166667
0.399950416666667
0.305092333333333
0.440516645833333
0.168877541666667
0.497638916666667
0.6839360625
0.1194006875
0.338331291666667
0.326150291666667
0.472219375
0.74685725
0.294385479166667
0.385001895833333
0.343784020833333
0.222291708333333
0.0409023125
0
0
0.0403386875
0.139265958333333
0.208254770833333
0.246482208333333
0.3999045625
0.253661145833333
0.173139708333333
0.676625541666667
0.44124475
0.190688
0.458147395833333
0.6515285625
0.286748708333333
0.2256536875
0.338008583333333
0.793313333333333
0.691261354166667
0.694456125
0.796871791666667
0.871546645833333
0.8623245
1.1368583125
1.0939061875
0.592544458333333
0.242610083333333
0.513897770833333
0.335202645833333
0.136442083333333
0.407271541666667
0.768413666666667
0.7513618125
0.577709854166667
0.511022020833333
0.9596606875
0.850571729166667
0.981203229166667
0.375206979166667
0.696132604166667
0.8401744375
0.769317270833333
0.7029904375
0.8701875625
0.889701604166667
0.379259208333333
0.309876
0.369119291666667
0.573240229166667
1.00070035416667
0.496784208333333
0.605705479166667
0.624044604166667
0.949573229166667
1.223255625
0.879339083333333
0.767505958333333
0.679461458333333
0.934647895833333
0.98098425
1.02229325
0.982916645833333
1.15103379166667
1.23257347916667
1.08098047916667
0.917336541666667
1.2394139375
1.314606
1.58341697916667
1.52505083333333
1.6915835625
1.6509875
1.821509375
1.85954875
1.60124289583333
2.06747125
2.09625047916667
2.11585177083333
1.95005904166667
2.6944348125
2.83923202083333
2.96817916666667
3.30735120833333
2.53321672916667
2.57847522916667
2.31443079166667
2.5258220625
2.7288335625
3.8436056875
2.39841564583333
4.8701125
4.49939745833333
4.70768825
4.24175897916667
4.0875924375
5.27574891666667
6.4377599375
7.34934625
7.88513766666667
10.2069420208333
10.5675074791667
9.53433160416667
10.3920208541667
8.31771141666667
8.65055708333333
8.864232625
9.08780416666667
10.1265385625
9.1444063125
9.3481779375
8.63521677083333
9.76495810416667
9.92227425
9.70303883333333
9.77426520833333
9.30880133333333
10.7446993125
9.15540579166667
12.8184417916667
12.2613626875
11.6255699583333
8.35848433333333
13.9362110625
14.1259472916667
9.269159375
4.87412333333333
15.3616485208333
8.67385952083333
9.51772135416667
8.29163241666667
14.8519148333333
17.0320563541667
13.8511364375
8.55644054166667
17.2187837291667
7.45563077083333
12.1534292291667
5.87692275
11.126253875
17.9761324583333
17.817048875
17.0933306666667
15.9362819791667
15.7042573958333
14.6023333125
15.028584625
15.7495108958333
13.9115797291667
14.9616930625
9.35246504166667
13.69552675
14.2338809791667
14.9482529583333
12.5807367916667
16.930246
13.4756735833333
12.8714519583333
6.434911125
13.2533982916667
14.7859976458333
13.892370625
7.92096904166667
7.87841097916667
15.7234058958333
17.0208756875
17.1256344583333
10.7502169791667
12.8792319375
12.0982626875
14.7686870208333
10.009346
9.0420128125
11.7442004583333
13.566101375
14.1073624166667
12.9800985833333
14.2654630833333
14.8539997708333
13.7090887291667
8.5535469375
8.2631031875
11.9381685208333
10.1901075625
13.4244368958333
12.6432796458333
9.34221685416667
9.1761305
11.2381370208333
11.8148783958333
8.79191233333333
9.71673114583333
8.08889914583333
10.3151407708333
9.97885829166667
9.41866845833333
11.4884579166667
12.3521166458333
8.04909258333333
8.42084266666667
9.51078847916667
9.67514454166667
10.76123225
5.77070139583333
5.72310685416667
10.1444538125
12.1785117083333
10.850462
8.6791899375
9.1570294375
9.76903885416667
9.26579639583333
6.04882239583333
7.2301591875
7.40832316666667
8.88572377083333
9.56942483333333
5.891910625
10.0330876458333
9.16145677083333
8.4497553125
6.33913041666667
8.45970179166667
8.68598608333333
6.985615625
9.05153433333333
3.66240727083333
5.7137270625
9.848292375
8.88243064583333
5.56214008333333
6.71012314583333
5.48841472916667
8.1109419375
6.270902375
7.80762591666667
2.15485733333333
2.18641575
3.34339658333333
4.88132347916667
5.31289779166667
5.04576464583333
7.20005864583333
4.79289291666667
4.5043590625
5.7307366875
6.04346147916667
5.74144804166667
5.94345225
5.501012
2.77198179166667
4.49436902083333
2.14084358333333
5.8608436875
6.5583129375
5.3961759375
0.746829979166667
4.2802268125
5.86590860416667
3.76898683333333
3.76118472916667
2.83089252083333
2.60223266666667
1.4633895625
2.1204650625
2.5414098125
4.10736235416667
1.82265875
3.85320227083333
3.4053236875
2.85729804166667
3.33088908333333
3.00526885416667
1.49332991666667
1.33569908333333
2.43846833333333
1.56410616666667
2.12780464583333
1.65858445833333
0.391853875
1.377826625
1.27620758333333
1.33819216666667
1.18023410416667
0.506545083333333
0.5287626875
0.634394375
0.465880208333333
0.543123791666667
0.588361416666667
0.4279944375
0.719034104166667
0.290016645833333
0.521238041666667
0.462512875
0.4479679375
0.379424770833333
0.594361875
0.5587040625
0.520233541666667
0.7947770625
0.892660395833333
0.699624625
0.527919833333333
0.200648854166667
0.171182916666667
0.6867658125
0.535947416666667
0.918195708333333
0.219376645833333
0.6438350625
0.5499984375
0.771536
0.714660666666667
0.889772416666667
0.627814395833333
0.553401895833333
0.395489125
0.111095958333333
0.156916020833333
0.1367095
0.0408788125
0.0816538958333333
0.0221202916666667
0.1396755625
0.200896270833333
0.181569125
0.206844229166667
0.268981541666667
0.377030708333333
0.138642895833333
0.0260850625
0.144277395833333
0.1079969375
0.0388676458333333
0.0437532291666667
0.0170808125
0.0370066041666667
0.025580375
0.206026895833333
0.1530158125
0.0734846666666667
0.0056619375
0.0055668125
0.0465507083333333
0.1066740625
0.368298979166667
0.4481895
0.253343
0.418057520833333
0.469086729166667
0.453506354166667
0.336771916666667
0.221707604166667
0.198457958333333
0.281676958333333
0.3744305625
0.335223645833333
0.437189291666667
0.427645583333333
0.252688104166667
0.179866375
0.125216875
0.567543541666667
0.290584791666667
0.173347041666667
0.130059125
0.521518
0.28509675
0.216749625
0.119369166666667
0.117022041666667
0.215723125
0.641856208333333
0.168052020833333
0.5182073125
0.412682166666667
0.424922104166667
0.149660708333333
0.0256213333333333
0.0629405416666667
0.0376434583333333
0.0116334166666667
0.0117788125
0.1431561875
0.134803979166667
0.244972479166667
0.449902520833333
0.0697976458333333
0.111445729166667
0.568399041666667
0.186303291666667
0.5442296875
0.1119943125
0.373341166666667
0.735389125
0.536187708333333
0.864694020833333
0.568019708333333
0.457977416666667
0.435593583333333
0.431772895833333
0.485719166666667
0.7090556875
0.521618125
0.475747020833333
0.298327604166667
0.435048520833333
0.999783416666667
1.10443010416667
1.66217372916667
1.7682765
1.53261027083333
0.582222895833333
0.881355729166667
0.441933979166667
0.355631395833333
0.374223416666667
0.870185791666667
0.7861886875
0.909624791666667
0.878190708333333
0.616891020833333
0.436326916666667
0.2519590625
0.368297041666667
0.251126541666667
0.191059083333333
0.218680729166667
0.211814520833333
0.298348958333333
0.525081041666667
0.867765520833333
0.9500348125
0.49700675
0.6162241875
0.887772895833333
1.00100822916667
1.2457975625
1.00813716666667
0.4325445625
0.512848979166667
0.455028729166667
0.8228573125
1.432378
1.62805402083333
1.21226727083333
1.4308708125
0.872964166666667
0.97198475
0.989355479166667
0.797339291666667
1.01735579166667
1.8501371875
1.00251464583333
2.00134297916667
1.668527125
1.94783654166667
1.88447725
0.820731833333333
2.19632370833333
1.34224502083333
2.62515295833333
2.33285452083333
2.371126
2.9937614375
3.0357950625
3.59365247916667
4.95625089583333
4.99257339583333
3.39240995833333
4.3681505
5.16714327083333
4.14758095833333
4.1605299375
4.380599125
4.98387133333333
6.96039039583333
7.85948785416667
9.23556164583333
11.3263150208333
7.162957125
10.0067925416667
10.3271817708333
9.686556
11.864971125
10.9452840625
11.242411375
11.6416532916667
12.10723975
11.3074513541667
13.3155012083333
12.9716823541667
13.1530802708333
13.4114435625
9.5802511875
11.3083397083333
12.2900780208333
12.4990103333333
10.2619047708333
9.4025661875
14.0807423958333
10.2923843333333
12.1472338541667
10.5833341875
13.3713406666667
15.4505652916667
11.4029214375
15.045408875
15.9595531458333
15.8462086458333
13.8460623125
13.2399095208333
5.85056122916667
14.0709471458333
14.6286645833333
14.3920416041667
15.1644499375
12.5319904583333
11.3355788541667
17.9368141458333
16.0398889375
18.013804125
18.8607888541667
16.7978085208333
11.3843845625
17.6136004375
15.1738926458333
16.2662951875
15.7692844791667
17.0749830416667
16.3755105208333
14.8527762708333
14.3357610625
15.0229461666667
14.9461977708333
8.7096270625
14.6769787083333
12.8893207708333
14.0750699166667
13.0079612083333
13.9078250416667
14.1569023125
8.8733255625
10.7854218958333
13.0823120833333
13.2057790208333
13.0231390833333
12.3096572708333
12.0620698541667
13.75972975
12.1691449166667
11.7864790625
12.3012535833333
12.2619894375
9.11135854166667
12.9173123541667
12.1478367708333
8.647896875
12.5498202708333
10.8217936666667
7.40304229166667
7.77193325
9.39438408333333
10.7668207916667
8.44552829166667
7.09617439583333
10.51932375
6.5825431875
10.0531559583333
3.09673608333333
7.47300802083333
8.76200227083333
12.8390553541667
9.801875875
11.2462391041667
10.3209488958333
4.44627447916667
10.1532112083333
9.76836270833333
11.41701375
7.2745145
3.66759375
11.2972862916667
9.97583802083333
8.8023413125
9.29915204166667
10.6133310833333
10.0223775833333
6.07885708333333
7.5769445
4.603546875
7.53333260416667
8.83714235416667
8.98674622916667
5.6453425625
7.45735683333333
7.23377308333333
3.40626952083333
4.7178594375
7.52579185416667
6.93402825
3.90995491666667
9.230560875
4.90942716666667
6.727822375
4.861099875
1.31453033333333
7.61002425
6.09075727083333
5.2156100625
5.555932
5.9707164375
1.59720352083333
4.89192625
6.84147495833333
5.82964747916667
4.89000475
1.45450285416667
1.46057947916667
3.34017995833333
3.77826885416667
5.55450220833333
5.2262815
5.16596489583333
6.12190741666667
2.81238339583333
4.02709110416667
3.87457089583333
4.04616839583333
5.264975375
2.68101177083333
4.77257075
3.26421135416667
2.770523875
3.41940235416667
4.43847208333333
3.05596566666667
3.54026991666667
3.21182941666667
1.596708
3.4251963125
2.0437315
2.63856025
1.0501110625
1.51574485416667
1.16109714583333
2.0913020625
1.1138380625
1.28225566666667
1.32348222916667
1.63182264583333
1.13061889583333
1.07955183333333
1.36541797916667
1.22954252083333
0.7638600625
0.71864175
0.764171479166667
0.609370833333333
0.537870645833333
0.5443745
0.143112166666667
0.746761833333333
1.24507677083333
0.8076485625
1.4151139375
0.924194791666667
0.6526245625
0.532488270833333
0.3838181875
0.2655070625
0.601583875
0.632374625
0.777766395833333
0.205655625
0.207333666666667
0.300377354166667
0.8873594375
0.404771229166667
0.522510833333333
0.490669708333333
0.394301708333333
0.195447854166667
0.101966479166667
0.405490833333333
0.134932541666667
0.3440900625
0.165195208333333
0.148385416666667
0.205043125
0.486535666666667
0.0826656041666667
0.137417375
0.123008395833333
0.259188604166667
0.144992979166667
0.284051041666667
0.0766453333333333
0.0557908125
0.192550416666667
0.0347862708333333
0.0534733958333333
0.0010696875
0.00185747916666667
0.0986379791666667
0.289886291666667
0.276556395833333
0.0859167083333333
0
0
0
0
0
0.000181604166666667
0.0005865
0.000486604166666667
4.39166666666667e-05
0.03868425
0.0734552916666667
0.0884155833333333
0.0272154583333333
0
0
0.0173981041666667
0.0706755833333333
0.1624110625
0.28464475
0.256383145833333
0.424902083333333
0.228880625
0.416754270833333
0.327632916666667
0.33930575
0.210070916666667
0.2009633125
0.363370479166667
0.120063333333333
0.149582833333333
0.2202944375
0.4474035
0.402098229166667
0.345063375
0.519136104166667
0.61886325
0.719737875
0.393145791666667
0.129626166666667
0.330411166666667
0.394812083333333
0.548790270833333
0.4783595625
0.779843770833333
0.260357041666667
0.4906825
0.859777541666667
0.7810175625
0.404437666666667
0.301413791666667
0.8093678125
0.519846333333333
0.591080770833333
0.408683416666667
0.449369645833333
0.191984770833333
0.4105206875
0.681018875
0.681592604166667
0.300444
0.363767
0.410002833333333
0.656874520833333
0.671976375
0.526534125
0.9501558125
1.0733614375
0.460415520833333
1.16707560416667
1.233555625
1.1066735
1.07366852083333
0.94059225
1.035285125
0.9283523125
0.775764520833333
1.44064925
1.2219260625
1.18313529166667
1.51177085416667
0.637114208333333
1.67186483333333
1.49810316666667
1.14834597916667
1.02294195833333
1.2620018125
1.063711375
1.12762664583333
1.06293302083333
1.11327195833333
1.13596666666667
1.23447733333333
1.52836414583333
1.7410329375
1.68244910416667
1.75396058333333
1.7371943125
1.28870697916667
1.35585202083333
0.5551170625
1.33844797916667
1.66087333333333
1.8905
1.3646570625
1.37047897916667
0.685976583333333
0.887855458333333
0.990928583333333
1.0462796875
0.705753208333333
0.961428291666667
2.31606460416667
2.93284272916667
3.43081847916667
3.840371
3.30862766666667
2.201877125
4.2660789375
1.19817545833333
2.8024531875
2.9555504375
3.481218
4.041600625
4.14249797916667
5.209740625
2.7349554375
2.8939836875
2.12166760416667
6.63684977083333
4.70565772916667
6.74163445833333
9.63078408333333
10.3932581041667
11.1419565
6.77639260416667
11.4783336875
8.86955464583333
10.400085375
7.62485295833333
12.6318665208333
11.1832727708333
5.01640425
10.36495675
12.0909189791667
12.762471875
8.4579785
9.76347047916667
12.110915875
14.7223635
14.286396125
13.6101995208333
10.2188747083333
14.3323604583333
12.5186933125
15.5699346041667
15.4286784791667
14.2355212916667
13.6889195625
13.7426940416667
13.7574407916667
13.7309666041667
14.1273757708333
14.411590375
10.1443362916667
12.96990875
13.1445477291667
10.8572634791667
15.483124
7.78395116666667
12.3665554375
11.8679892291667
14.477954875
14.4726204166667
8.96517604166667
13.354130625
13.1984164583333
14.453886875
14.8415314583333
13.0616670833333
13.4991852916667
12.6036850416667
14.4580360208333
13.7570827708333
11.9808218541667
8.749330375
13.1909270625
7.98308547916667
11.7996008333333
13.739395875
10.5208663541667
13.0479239583333
15.2946242291667
14.7185849375
10.9939883541667
14.7639390625
14.1273801875
11.2320083125
7.72089841666667
12.4816731666667
12.3443704791667
12.0364477708333
3.96395452083333
6.73496595833333
12.4709568541667
7.73372375
5.2068731875
10.8239527708333
10.38841975
11.0339239375
4.8730273125
12.2286668541667
12.1863695208333
11.5183405
10.3036997083333
13.5453887708333
10.706106875
6.11093241666667
5.1410474375
7.59071602083333
10.5401880208333
7.5645084375
10.0516685625
9.86279008333333
8.82302997916667
8.02600854166667
9.0325921875
4.53582979166667
8.78791135416667
11.1481268125
12.1083018125
10.4654231458333
9.122357125
9.74105725
9.2464645
8.64128447916667
9.06456327083333
9.34397554166667
9.11996985416667
10.0218988541667
7.1269314375
7.04627095833333
8.80691083333333
8.48555252083333
8.74226116666667
6.95436508333333
5.72944308333333
8.257480875
8.01453983333333
7.2847430625
6.42689583333333
6.81810327083333
7.11434422916667
6.66710958333333
5.6975375
6.33041985416667
5.91014933333333
5.96046077083333
5.3615265625
4.68724947916667
4.54257104166667
5.76106804166667
4.57366054166667
5.292044625
5.848177625
5.883756375
4.89015435416667
3.81704235416667
0.5799079375
4.83026697916667
3.985907
3.6264493125
1.8307445
4.71351041666667
3.43920979166667
3.00391997916667
5.84565508333333
5.85385829166667
5.67253372916667
4.66699472916667
3.4140663125
2.26996145833333
2.68748054166667
2.77163625
1.5469934375
2.47515597916667
2.95431922916667
2.51843879166667
0.908071916666667
0.470552666666667
0.644016354166667
2.43093120833333
0.720980854166667
1.01544735416667
1.20824579166667
1.636570625
1.4317586875
0.5664581875
0.2630090625
0.7161683125
1.00524829166667
0.4876795
0.667566125
0.1444514375
0.8527066875
1.13049297916667
1.0516471875
0.650332083333333
0.53891925
1.0147648125
0.801364416666667
0.39290725
0.319118229166667
0.308344041666667
0.174075770833333
0.600665375
0.360030395833333
0.485645166666667
0.293095270833333
0.1520419375
0.176641354166667
0.526825208333333
0.623835854166667
0.603392333333333
0.32591575
0.163307770833333
0.4488751875
0.266016375
0.314709708333333
0.2733004375
0.0338369375
0.3580526875
0.1736513125
0.1630829375
0.946203291666667
0.16367875
0.0979235416666667
0.134875291666667
0.272746166666667
0.402707125
0.0697346875
0.0248425416666667
0.033564
0.0317090833333333
0
0
0.00129977083333333
0.0100623125
0.0882353958333333
0.27151675
0.142105270833333
0.450195041666667
0.0889150833333333
0.2219995625
0.414794229166667
0.384808354166667
0.1699703125
0.05576225
0.00882722916666667
0.0596096041666667
0.141024333333333
0.0721624375
0.0275978333333333
0.00277522916666667
0.00347254166666667
0.00732666666666667
0.0126904166666667
0.0124718125
0
0
0
0
0
0
0
0.0465948958333333
0.120434208333333
0.134885729166667
0.2173679375
0.239785208333333
0.119795354166667
0.160378604166667
0.55212725
0.293385145833333
0.85895475
0.457462916666667
0.718344833333333
0.6466631875
0.5676069375
0.308290229166667
0.610273229166667
0.671539208333333
0.484794229166667
0.238086583333333
0.6572964375
0.444682416666667
0.598025916666667
0.508636979166667
0.7705689375
0.978616395833333
0.83002125
0.314466895833333
0.3935568125
0.466989625
0.759665708333333
0.5901915625
0.436004875
0.34659325
0.9118474375
0.748910895833333
0.4055101875
0.9383486875
0.791613166666667
0.274352770833333
0.415360270833333
0.836463833333333
0.287555916666667
0.309369479166667
0.679301604166667
0.984162041666667
0.175727895833333
0.289115
0.873910979166667
0.879832958333333
0.474983041666667
0.815447
0.1541325625
0.397669958333333
0.155024375
0.158694770833333
0.0850480833333333
0.0746816041666667
0.181957145833333
0.286135333333333
0.1977188125
0.198838520833333
0.208956875
0.474404333333333
0.2539734375
0.289453395833333
0.682986041666667
0.791513458333333
0.8845425625
0.83985775
0.676188416666667
0.644871979166667
0.501887479166667
0.845432458333333
1.07857102083333
1.11931641666667
0.955594291666667
0.710426354166667
0.390416875
0.3983863125
0.732714166666667
1.0136029375
1.0010185
0.897448833333333
1.08751247916667
0.67580975
0.771199916666667
1.0835110625
0.737349041666667
1.0666790625
1.02393772916667
1.00122379166667
0.921148833333333
0.576810625
0.400327208333333
0.598152458333333
0.930267416666667
1.63910433333333
1.92422739583333
1.964347
2.17647020833333
2.54667654166667
2.22644297916667
3.29831622916667
3.465733
3.709932375
3.89763820833333
4.0481278125
4.6422296875
5.04548239583333
2.27455170833333
4.44843922916667
4.82774479166667
4.9026696875
4.2471128125
4.76332385416667
5.86503339583333
4.21497310416667
7.09218077083333
8.09795535416667
5.04979858333333
8.8173504375
9.86753114583333
9.57413395833333
7.5767308125
9.37358152083333
5.9004194375
7.12834789583333
9.636186375
9.73648527083333
10.534783
10.0554905833333
9.2222055
8.168877125
8.85801595833333
9.8044956875
8.28915975
7.27397054166667
7.041045375
13.8911428958333
11.5949627916667
12.3357287916667
12.2688051041667
13.7753621458333
14.1469784791667
15.232747875
15.951391375
16.770175
15.301005125
15.3211951041667
16.5902125833333
18.3053149166667
14.7542880416667
15.8888175208333
10.1005861666667
16.9094425
17.9352286458333
19.1909585
19.5335845
17.5696741041667
15.1907549166667
18.963675
18.7994997916667
12.9306625625
13.0236653125
16.4933209375
12.8184169166667
15.7331966666667
10.7637700833333
12.426888125
12.1920108125
17.0425785
18.2805904583333
16.5965123333333
11.2047677083333
15.123806625
8.95610997916667
13.4856077916667
12.8465533541667
9.65007102083333
18.6059403541667
12.6010928125
15.8263199375
16.6248198541667
14.1860251875
15.3737320208333
11.9905321666667
13.8241115833333
13.6673455625
12.7538324375
13.0584540416667
12.6637005416667
11.6758864375
7.7269300625
14.2261732916667
11.963011875
5.170450875
10.4959379166667
11.3142028333333
11.4580417083333
12.9832614791667
10.4101033541667
9.94817295833333
12.5995589583333
15.6108111666667
13.5090403958333
11.2309425
9.3484515
6.48185285416667
10.9201687083333
11.2893735208333
11.6790593333333
8.99930020833333
7.6743894375
6.81168783333333
8.37781225
8.55412516666667
8.88278991666667
7.79939664583333
7.1445355625
7.265559875
5.31402527083333
7.89432825
8.17495691666667
3.42143510416667
7.1409915
6.189239125
4.15755416666667
4.50222497916667
5.97342989583333
7.57081072916667
7.25335427083333
6.2504429375
5.86122475
6.07670414583333
3.66004975
3.30628285416667
7.47709852083333
5.01807197916667
7.7582750625
5.94369270833333
8.178132625
8.45683583333333
7.34373852083333
6.88618277083333
7.38278714583333
5.64727825
2.5629724375
7.61510916666667
5.91524872916667
7.2261585625
7.345881375
6.7384495625
5.26479247916667
7.4015921875
7.36819958333333
4.79608822916667
6.77245147916667
3.45830658333333
5.87821289583333
5.121139125
5.96736510416667
4.50136647916667
5.69526597916667
5.52962877083333
5.48129995833333
2.3449621875
5.384326625
4.04466329166667
4.23492708333333
3.20829783333333
3.7802846875
4.6514525
3.72438445833333
3.60695989583333
3.01611808333333
3.77362508333333
3.05956439583333
3.04987008333333
2.94553733333333
2.4253523125
2.15611716666667
2.05871495833333
1.97195195833333
1.1419850625
0.594330895833333
0.678589125
1.42280120833333
0.582607770833333
1.52972570833333
1.48174879166667
1.0398953125
0.545035166666667
1.29470610416667
0.667483208333333
0.337777895833333
0.688052729166667
0.191780979166667
0.352594291666667
0.204327833333333
0.379273083333333
0.427176104166667
0.980398791666667
0.673531875
0.9368755625
0.980742208333333
0.165962083333333
0.173693208333333
0.211774208333333
1.1442895625
1.2035003125
0.848456604166667
0.341700104166667
0.21430075
0.263279208333333
0.5638345
0.3924066875
0.2660946875
0.456630729166667
0.1582430625
0.0925030416666667
0.178068208333333
0.362412416666667
0.131838708333333
0.127775791666667
0.0927630208333333
0.365865625
0.5997185
0.1055768125
0.302907416666667
0.128270645833333
0.0318983958333333
0.0243623125
0.0513818541666667
0.1314895
0.23924725
0.0689213125
0.379101729166667
0.4700811875
0.0454019791666667
0.522615791666667
0.0354956875
0.3815965625
0.720511
0.7906625625
0.112250479166667
0.3755094375
0.204899333333333
0.0478993541666667
0.0289465625
0.0938895
0.098474375
0.0111571041666667
0.0208299791666667
0.0995260833333333
0.425708145833333
0.149232020833333
0.166944416666667
0.044933125
0
0.0271290625
0.0486759166666667
0.0505592083333333
0.102050854166667
0.322058625
0.161928625
0.288542458333333
0.30955775
0.170752166666667
0.343542145833333
0.103255625
0.298168166666667
0.0666080625
0.102293229166667
0.446533375
0.0644888333333333
0.188416958333333
0.278269770833333
0.248795833333333
0.204455708333333
0.421240791666667
0.244559354166667
0.1466201875
0.135860354166667
0.203726916666667
0.171800520833333
0.154290416666667
0.0799148541666667
0.153873166666667
0.157383916666667
0.0398775416666667
0.150693541666667
0.0462530208333333
0.0309032916666667
0.117049895833333
0.48969575
0.306151208333333
0.232202916666667
0.146237791666667
0.140633625
0.0186600416666667
0.0186992083333333
0.0363529375
0.0887797708333333
0.393156770833333
0.539598625
0.269586104166667
0.452873479166667
0.550825166666667
0.653280895833333
0.689811479166667
0.6943555
0.5330213125
0.495459395833333
0.4034465625
0.763425354166667
0.679056541666667
0.5729500625
0.5146430625
0.500967854166667
0.1144425625
0.3803496875
0.431951666666667
0.4366355625
0.499392375
0.489864875
0.4925200625
0.701971083333333
0.584419479166667
0.429234458333333
0.494747979166667
0.392829979166667
0.182906833333333
1.02388025
0.9667149375
0.8193020625
1.44321964583333
1.15602354166667
0.644524145833333
0.580862666666667
0.249706333333333
0.553038291666667
0.509279
0.2161009375
0.614929041666667
0.5543260625
0.494315541666667
1.00948141666667
0.594822729166667
0.927504604166667
1.20005775
1.75499079166667
2.10770372916667
1.4802665
1.00220677083333
1.97716170833333
0.956227583333333
1.4487813125
1.5202640625
4.04032191666667
4.538344
3.82646258333333
2.99343010416667
4.8981466875
5.62172877083333
5.98293966666667
5.95822866666667
5.90013202083333
5.77016710416667
3.66770004166667
6.20083583333333
7.42687708333333
7.2938296875
3.09449370833333
7.96121460416667
7.189619875
4.75907610416667
7.19968327083333
10.1717196875
9.28241327083333
10.5264427291667
8.61581704166667
11.0670501458333
6.58810895833333
9.63867495833333
7.82869539583333
11.9877311666667
9.9324393125
4.60288845833333
12.8270710416667
12.7323024166667
8.05025795833333
6.25471889583333
15.0212996666667
13.3674300208333
10.2866677916667
14.0690366041667
14.3994928125
13.6690462291667
9.75526791666667
12.19454425
11.1646769583333
10.6443257916667
13.5751620416667
11.6408112916667
12.9698871875
10.7166646458333
14.9150026875
11.4049142708333
13.8918829791667
13.936619
14.5220233958333
14.3348924375
13.3105949791667
12.5791209791667
6.64760370833333
17.059832375
10.86688625
15.4814184166667
18.5484999375
10.7154685
17.2439102291667
15.6764673541667
17.6494900208333
18.7140843958333
12.0901681458333
11.071909875
18.8149928125
8.6743653125
11.5560149166667
13.0421029791667
16.1963316458333
16.6189747916667
16.5167162291667
8.8451289375
6.7267035625
5.94996697916667
10.0148356458333
11.7897296458333
12.4435060625
8.05713960416667
12.4807614375
7.828625
14.4916707291667
12.8421717291667
14.60813
16.4253491875
13.70666775
17.5195008958333
10.4295827916667
13.7835516041667
10.4197319375
9.92853627083333
14.1878661458333
12.097081875
13.8753592083333
15.1131544375
16.7778989583333
17.0032044166667
11.1354925833333
10.2599108958333
13.4340726875
6.19884360416667
8.55550383333333
13.857240375
13.3486787291667
9.55646633333333
16.1749382083333
15.946877375
14.8318751666667
15.00721825
14.0386582916667
9.70601960416667
14.9699761041667
14.6705917291667
12.5130436666667
10.6103021666667
12.9885748125
12.2073628541667
12.5077807291667
12.3380125208333
12.1794940625
12.6398320416667
12.0568735625
11.0781111458333
3.7741113125
12.1731798333333
10.75002725
7.140422625
11.5080120833333
7.339073625
9.14447879166667
10.4381347916667
8.85784875
11.2837110625
10.3466910416667
6.87532452083333
8.62055135416667
8.41512477083333
3.5443115625
8.02425741666667
10.9803123541667
8.48550645833333
11.083395125
7.85186522916667
11.6720937916667
12.6419076875
11.7643948125
9.862168125
7.74797922916667
7.49457720833333
8.26511983333333
8.920795125
9.31141335416667
9.17504270833333
7.10000672916667
6.09959785416667
7.76870410416667
6.319742625
7.59340035416667
7.5129685625
6.338409625
6.5551179375
2.43977039583333
6.95378575
6.07064745833333
5.81383554166667
5.9518080625
4.88572989583333
6.54204885416667
6.633346375
5.173260875
4.12688308333333
5.92164964583333
5.156388125
3.711688875
5.09864016666667
3.3214940625
2.92533527083333
3.80359760416667
3.9646216875
4.09475316666667
4.3907058125
4.37422929166667
4.3227840625
3.8411623125
3.97904747916667
3.21561402083333
1.2708588125
2.0059224375
1.0616515
1.09285210416667
2.8593289375
2.41242625
1.94907114583333
1.38945170833333
0.546293083333333
0.617902541666667
1.76952570833333
1.83506247916667
1.9979475625
0.530812208333333
0.338908208333333
0.308828083333333
0.667340979166667
0.796332208333333
1.019042125
0.157570875
0.0938987916666667
0.421383020833333
0.5439899375
0.4590144375
0.2982085625
0.059801375
0.0541480208333333
0.45925525
0.101535625
1.09441739583333
0.935931333333333
0.159080083333333
0.5421126875
0.148436479166667
0.312520083333333
0.306258458333333
0.1711111875
0.1699551875
0.0645767291666667
0.292981979166667
0.485266958333333
0.491816541666667
0.134700395833333
0.372213833333333
0.1686703125
0.448038083333333
0.5225498125
0.225289229166667
0.258495729166667
0.4201434375
0.1828055
0.348054583333333
0.5593480625
0.494776666666667
0.60163925
0.24056475
0.166385645833333
0.0689707083333333
0.146009166666667
0.129004875
0.0605841875
0.0926984791666667
0.193825354166667
0.526280770833333
0.620881833333333
0.3402076875
0.0659785
0.350862354166667
0.0203129791666667
0.131909979166667
0.215380229166667
0.260616166666667
0.129869416666667
0.311461166666667
0.488041208333333
0.8568985
0.19345025
0.659332979166667
0.275189729166667
0.259982791666667
0.392084875
0.0640898541666667
0.305318958333333
0.636518083333333
0.0813551875
0.209682520833333
0.454045270833333
0.106633229166667
0.608845604166667
0.643171520833333
0.569186145833333
0.494278208333333
0.153203416666667
0.3004146875
0.165443104166667
0.262462645833333
0.2552488125
0.484487625
0.573183229166667
0.262191458333333
0.0322974583333333
0.0180338333333333
0
0
0.311981854166667
0.774344083333333
0.811162979166667
0.4405784375
0.503080208333333
0.402239895833333
0.2191668125
0.372340833333333
0.263243145833333
0.0956437916666667
0.237791354166667
0.289700833333333
0.273742354166667
0.1904258125
0.0888513333333333
0.678275208333333
0.0642880416666667
0.0600143541666667
0
0
0.0053815625
0.0157122916666667
0.0313804791666667
0.2085855
0.236237770833333
0.26864375
0.206638791666667
0.0709483958333333
0.0674672291666667
0.0413273958333333
0
0
0.0290421666666667
0.0185945208333333
0.0354671666666667
0.112457020833333
0.0569142083333333
0.0207481041666667
0.0721543541666667
0.177641541666667
0.312032
0.367995145833333
0.4065676875
0.318822708333333
0.259970895833333
0.5491824375
0.8284218125
0.709765020833333
0.445131895833333
0.352262645833333
0.274967895833333
0.458062041666667
0.479902729166667
0.569471125
0.7633795
0.467512666666667
1.00236420833333
1.44542595833333
1.07262566666667
0.850750875
0.8639998125
1.08260733333333
1.19673241666667
1.3990490625
1.54906895833333
1.74885735416667
1.71109783333333
1.51835083333333
1.6331749375
1.60775475
1.37084145833333
1.09434633333333
1.8705405625
0.989185145833333
2.18436720833333
3.041547125
1.08789089583333
1.70223102083333
2.2297626875
2.96705991666667
3.06574822916667
3.39427775
3.6615088125
3.27792154166667
3.67810602083333
3.06072097916667
3.43425597916667
3.4725649375
3.6247395625
3.85174560416667
2.86016366666667
3.82091327083333
3.1949420625
4.63929039583333
3.68374841666667
5.2473589375
7.33754291666667
5.29360645833333
6.69796454166667
5.79493079166667
5.07025933333333
6.09027820833333
5.13686202083333
4.25708122916667
5.1679236875
7.24994916666667
8.37420252083333
9.6084064375
9.9132945
6.55530883333333
8.07903352083333
8.56052627083333
8.3614105625
5.84543472916667
6.71996841666667
11.988388375
10.6149773125
15.9771146041667
13.1870100625
14.9049764375
16.3099048125
14.8756365
16.879931875
12.3991888958333
10.2599754166667
13.4294493958333
4.3372931875
12.3376185625
12.7265160625
10.689703
18.3352620833333
22.0750183333333
18.8754182083333
20.523688375
17.0131616666667
18.23946625
14.7427410416667
10.59182125
14.7809658333333
16.9923566666667
14.1736167291667
8.38962454166667
18.5247810208333
12.748780125
16.677637625
14.2671798333333
16.2841840208333
16.7463801875
13.5207289583333
11.0880953125
17.6721888125
16.4722840625
16.3338123125
16.2297802083333
15.5883752083333
14.0440145416667
14.2821986458333
14.05580725
14.4382127083333
5.92397097916667
6.95091029166667
16.7415304166667
15.4457959791667
12.5183594166667
11.5221480833333
12.1874206041667
12.5980481458333
14.9499153333333
14.5008337291667
12.3510264166667
12.8586271875
13.0692775416667
12.6732105416667
10.577204125
12.4815852916667
10.4506717708333
15.8485454375
11.9046373125
9.07731154166667
7.31984195833333
12.2719564375
13.0078965
9.47537864583333
6.71370329166667
6.714727625
12.0855616458333
10.16373825
7.20993839583333
11.2791948541667
10.766649125
3.76393927083333
10.4875397083333
10.4096202708333
9.325202
10.7175591666667
8.5657043125
7.00996358333333
8.85162041666667
9.04773979166667
7.3216023125
11.1893227083333
8.63256945833333
10.555954625
11.0333858958333
11.1330611875
9.9669858125
10.7188625
10.4243566666667
8.80467375
9.60953025
2.10179672916667
9.34424164583333
9.6768676875
7.93876352083333
9.70663025
9.09950802083333
8.40828833333333
7.64885352083333
2.6492465625
9.161559375
8.25892897916667
10.03578675
9.06238560416667
9.08895816666667
9.51131552083333
7.36030102083333
9.19475058333333
7.55953452083333
9.00300708333333
9.20566166666667
6.33800029166667
6.2083199375
7.53428647916667
6.93467560416667
3.96256616666667
4.48728947916667
6.6533033125
4.40776970833333
6.0284995
7.76975272916667
7.43586825
7.24261202083333
4.8087376875
3.98711772916667
4.96888554166667
4.66716358333333
5.44508047916667
2.48055672916667
5.77567797916667
5.89945245833333
6.250723
5.373103125
5.265463
6.03826945833333
5.81238891666667
3.31485379166667
4.63048454166667
5.52097766666667
4.7501764375
3.59685104166667
1.50995633333333
3.13419729166667
3.034764625
1.92372016666667
3.13869685416667
3.65775458333333
1.90903616666667
2.6593503125
1.392244625
2.50593585416667
2.21762945833333
0.277193875
1.8696615625
0.808099145833333
2.235230125
2.04258889583333
2.10279691666667
2.2540409375
0.4025745
1.39467191666667
0.574100666666667
1.16086308333333
1.12985708333333
0.66944125
0.485823229166667
0.845134895833333
1.84116808333333
1.62079464583333
0.368659520833333
0.481062125
1.16506139583333
0.918053916666667
0.822673041666667
0.824869041666667
0.770674375
0.888137145833333
0.755025354166667
0.736353979166667
0.663417708333333
0.258884354166667
0.247553604166667
0.0762990625
0.236011208333333
0.311345541666667
0.376443333333333
0.28458925
0.27105525
0.394791916666667
0.229467666666667
0.2567865
0.0938155625
0.0811582708333333
0.1473781875
0.289469645833333
0.561397833333333
0.617981729166667
0.8744048125
0.404702083333333
0.393164104166667
0.739397333333333
0.554218479166667
0.260589541666667
0.455993729166667
0.0949926666666667
0.225777083333333
0.190892979166667
0.134836354166667
0.301786916666667
0.315197708333333
0.482811020833333
0.26284375
0.0999753333333333
0.193258354166667
0.100441291666667
0.0445636666666667
0.08073975
0.0477788125
0.151808604166667
0.0786937083333333
0.05785425
0.0986936041666667
0.114872145833333
0.0349068125
0.033985875
0.0858659583333333
0.124561666666667
0.294693333333333
0.147562791666667
0.016804625
0.0738605
0.2782858125
0.331331979166667
0.270173708333333
0.303615833333333
0.412511145833333
0.436984791666667
0.203259083333333
0.253989645833333
0.0837665208333333
0.0861049791666667
0.199628375
0.18386575
0.15952875
0.125974208333333
0.258652916666667
0.232598895833333
0.1935251875
0.102134770833333
0.0744232708333333
0.140101041666667
0.0628492708333333
0.085896125
0.102007125
0.149005520833333
0.0911861458333333
0.0660179583333333
0.3298078125
0.250881875
0.2914734375
0.502339125
0.640524958333333
0.561254666666667
0.302586458333333
0.408461729166667
0.392769791666667
0.550331791666667
0.497811041666667
0.4877719375
0.5318680625
0.488148104166667
0.3775581875
0.550654729166667
0.354620229166667
0.403005854166667
0.251788666666667
0.377439895833333
0.350153416666667
0.125149
0.332316375
0.319646854166667
0.254067166666667
0.364014916666667
0.474772604166667
0.256611416666667
0.518187604166667
0.518150770833333
0.441584770833333
0.389009666666667
0.4693015625
0.452360979166667
0.264682
0.3279048125
0.171590916666667
0.180111729166667
0.247016166666667
0.619692416666667
0.742092229166667
0.7409534375
1.05071577083333
1.021867625
0.944939104166667
0.875562375
0.678780375
0.345337666666667
0.550599083333333
0.876034833333333
0.73302475
0.759954270833333
0.663886145833333
1.05507702083333
1.33856891666667
1.15231975
1.15899083333333
1.14766920833333
1.13047927083333
1.33247002083333
1.00977083333333
1.14354466666667
1.27996054166667
1.25124816666667
0.750774375
1.01526241666667
1.559526875
1.80588777083333
1.7443575
1.88254916666667
2.20490341666667
2.1556023125
1.6749849375
1.35245977083333
2.88914929166667
2.137739875
2.949521625
3.74943720833333
2.75706072916667
3.01664166666667
3.38581114583333
3.62365608333333
2.64193141666667
4.22069066666667
4.02071108333333
5.87263770833333
6.37657170833333
6.529201
6.38515514583333
6.4287440625
6.96974566666667
7.20370460416667
7.40220002083333
8.496148625
10.4787140416667
9.4954475625
11.9954216666667
9.50215935416667
4.58013289583333
5.4934375625
6.206503875
9.13178604166667
8.51269183333333
8.26955464583333
8.35668427083333
7.14814352083333
11.529385625
11.9024254791667
12.8216184166667
11.0350429375
8.19404847916667
10.6293404166667
12.385728375
12.4911712083333
12.2955302291667
14.2220035
11.24290675
15.6315340625
13.6322644583333
13.6970083125
16.5385130416667
14.3468887083333
14.713151125
16.3160637083333
14.2585205416667
13.8113685
14.8813575
14.2488235208333
17.5105815833333
14.6950271041667
12.2099131666667
17.4588467291667
15.4863411458333
18.0132202083333
10.3229714375
14.0769445833333
16.2355078541667
16.1511807291667
15.8318031458333
8.18381629166667
9.99603245833333
13.985990125
13.4330079166667
20.9876221041667
18.02228375
16.198824375
15.9815897291667
14.1565069583333
13.8020763541667
13.4309003333333
14.0352978958333
12.5253372708333
15.7378376875
16.8296097083333
12.8446311041667
17.3863916666667
14.265612375
14.4962702083333
11.9774737708333
11.6440873541667
11.6450083125
12.017953875
11.5378506458333
10.7811243333333
9.97564558333333
13.7110322291667
10.9348762708333
12.4024381041667
10.3942856666667
9.23556433333333
8.400753875
6.00139422916667
10.480087
11.7747797291667
11.064911
11.6690763541667
8.49743510416667
11.0126741666667
10.84238725
12.17152475
12.0277177083333
11.6158446666667
11.4288702083333
8.71359827083333
9.52359033333333
8.176403875
6.52522827083333
5.58352685416667
8.4573780625
7.11801291666667
12.2963396666667
8.21719570833333
10.8633772291667
10.3724592291667
8.2653399375
10.1858103958333
10.8666469166667
9.56684266666667
12.1488026041667
8.08075952083333
7.9518638125
8.041504625
11.0033783541667
6.6906436875
7.84020266666667
9.49156725
6.31809635416667
8.46921497916667
7.0340239375
8.43079725
9.2198194375
5.10389677083333
7.23555752083333
9.7552339375
5.86778591666667
7.92206597916667
8.2056479375
7.88612845833333
7.625822375
7.79516829166667
8.28129472916667
7.94521329166667
6.93442797916667
6.40015072916667
6.06895889583333
7.0809685
7.454015
6.97589579166667
6.752844
6.7567890625
6.92761010416667
6.40938247916667
4.94105910416667
5.44968627083333
6.26841177083333
5.67955052083333
6.53670114583333
3.94736341666667
4.4315976875
4.4917886875
5.44544885416667
3.27571302083333
4.61959575
3.31810672916667
5.13643035416667
3.0893625
4.03754854166667
3.76704785416667
4.01620525
3.60927454166667
4.76500304166667
3.55088447916667
5.79148566666667
4.8155216875
3.64437147916667
3.39584289583333
2.28295704166667
2.73565754166667
1.75180754166667
1.85259366666667
2.89361604166667
1.717002125
2.40613458333333
1.7381450625
1.45424639583333
1.2836525
1.06709464583333
1.07134114583333
1.2872238125
1.69935495833333
1.42310922916667
0.530735416666667
0.9695336875
1.08892133333333
0.511004125
1.13467808333333
0.944463604166667
0.369578333333333
0.582293458333333
0.276893875
1.04205110416667
0.74772575
0.972467770833333
0.273002375
0.490851208333333
0.551795875
0.401235729166667
0.188411666666667
0.4768849375
0.257372770833333
0.418252291666667
0.372623666666667
0.691218270833333
0.862665208333333
1.73178754166667
1.43493014583333
0.430896979166667
0.4409301875
0.122963
0.390699604166667
0.3034086875
0.192214583333333
0.3916146875
0.305564770833333
0.305792166666667
0.624617333333333
0.795115145833333
0.110289166666667
0.932782375
0.865855520833333
0.189755604166667
0.168844166666667
0.237797229166667
0.1543474375
0.5777953125
0.318388270833333
0.584925125
0.161884354166667
0.3932926875
0.202984229166667
0.424323291666667
0.3660725625
0.2171709375
0.18803525
0.0682022916666667
0.0226532083333333
0.0345461666666667
0.31176825
0.387790583333333
0.7050309375
0.7654538125
0.34468525
0.600600583333333
0.471623916666667
0.380090708333333
0.149503125
0.106306729166667
0.0764731458333333
0.0260900833333333
0.0249754166666667
0.167128270833333
0.4419531875
0.525815020833333
0.2029091875
0.142629958333333
0.100990666666667
0.277740125
0.0741870833333333
0.164688520833333
0.332636625
0.316399770833333
0.22850325
0.818523645833333
0.6859955625
1.11522335416667
0.397665333333333
1.0306239375
0.835181125
0.260648645833333
0.759859291666667
0.419572229166667
0.774093875
0.566346645833333
0.604003875
0.4121201875
0.455862520833333
0.451858645833333
0.469417104166667
0.543391520833333
0.2451508125
0.102489625
0.0847280208333333
0.163195916666667
0.187513729166667
0.102927479166667
0.195442020833333
0.130954541666667
0.0413481041666667
0.0444473541666667
0.0070675625
0
0
0.0477339375
0.153735041666667
0.3070300625
0.4926078125
0.553971520833333
1.01861579166667
0.625578416666667
0.837035291666667
1.2970081875
0.609326
0.813349145833333
0.649929416666667
0.7623670625
0.927533833333333
1.5441128125
1.56093002083333
1.81849670833333
1.559112625
1.69977364583333
1.21436577083333
1.32088
1.18910510416667
0.836085083333333
1.112737625
1.40914585416667
0.657150041666667
0.849799708333333
1.79948997916667
2.02562127083333
1.89280654166667
1.97151533333333
2.30930929166667
2.47285252083333
2.5759911875
2.39039297916667
2.16189625
1.83233002083333
1.37316858333333
1.3418419375
1.95882554166667
2.42809414583333
2.353529625
2.26834935416667
1.29004860416667
1.71872785416667
2.62714691666667
3.36435010416667
3.0544284375
3.644668625
4.40640495833333
4.61681085416667
4.28257779166667
4.44882385416667
4.3155748125
1.95379047916667
4.4492139375
4.293013625
3.18203439583333
3.42962227083333
4.26436329166667
5.52544691666667
4.75667385416667
5.280631
5.22706166666667
6.3357430625
6.07203564583333
5.319563375
7.64225685416667
8.34025625
8.3444616875
9.36564110416667
10.841857125
10.11153875
10.3987640833333
10.0707368125
8.59010885416667
8.83021254166667
10.2688393958333
11.5982207291667
12.8761403333333
13.39346525
7.5758073125
5.48145189583333
13.9763354583333
11.9198135416667
16.3065266041667
14.480040375
13.818125375
15.7653081458333
11.1797532708333
12.8077637291667
7.51483058333333
11.0285401666667
13.4039204791667
15.1716477083333
15.7492491875
19.1793786666667
17.1403838125
8.2697581875
18.3024805833333
12.8260398958333
14.9165957708333
16.730563125
17.2001528125
17.1061448541667
17.8649737083333
19.022971625
20.7513679791667
21.6895376458333
15.3485567291667
17.2523920208333
7.63464254166667
4.97534129166667
13.9276777291667
14.707659
16.4966568333333
15.1971671458333
10.476468375
15.1911818125
13.54572125
17.2877530625
10.3347949166667
13.7153086458333
5.003699
17.3126711041667
15.2360653541667
14.7053209583333
13.7976029791667
9.99503589583333
14.9905295416667
14.4272882916667
7.41226897916667
12.2053993333333
12.1329189791667
15.4938146666667
15.9697970625
14.4558788541667
10.64574125
12.4716849166667
11.6843957708333
14.3475037291667
13.9558725625
13.7061191666667
11.9900872291667
12.6195273125
12.8766032708333
12.1521144791667
9.84252554166667
2.17251895833333
11.5526822291667
2.68699852083333
11.5165952916667
8.56968372916667
12.2472937916667
12.741827375
11.7392620416667
9.13783447916667
8.25906695833333
13.4095618541667
10.0964273125
12.2631833125
11.1549815208333
11.7740282708333
11.4959920625
13.2059974583333
14.0892695
12.8217757708333
9.05318260416667
9.923213875
12.6596584583333
13.8022846666667
13.4731743541667
8.6662796875
8.560297375
13.0390341041667
11.5113146458333
9.3471306875
7.74130054166667
5.75966077083333
9.2077725625
8.1674873125
10.2881027708333
8.81565422916667
10.6031412291667
9.3808485625
11.2071419166667
9.90607125
5.93774264583333
5.99520804166667
9.41226616666667
6.063570875
10.1540198125
7.5543313125
9.1597241875
9.41334622916667
9.56930229166667
7.83506191666667
10.3598773125
6.60035641666667
8.165185125
5.68739854166667
8.27284520833333
3.99771589583333
8.63268991666667
8.35988033333333
6.84456672916667
7.87185795833333
5.69291785416667
3.0294553125
5.30188775
7.62706675
5.5548156875
7.29313225
4.9562065
4.91389025
6.76831597916667
1.62461083333333
2.67645997916667
4.19714652083333
4.43409585416667
5.17703745833333
5.94559814583333
4.81155520833333
5.20741720833333
4.8778074375
3.86397408333333
4.4663805
2.54760035416667
3.33304639583333
3.41022458333333
3.94001995833333
4.23405204166667
4.5520813125
4.27634070833333
2.3896221875
1.59080058333333
2.90397679166667
2.81665689583333
1.569469125
2.32846683333333
2.15719029166667
2.2267751875
1.59837477083333
1.32160172916667
0.5578545
0.8256695625
0.795690229166667
0.198565583333333
1.230402
0.875014645833333
0.628881979166667
0.480438729166667
0.474287458333333
0.64545875
0.327167041666667
0.488577020833333
0.53234575
0.537018875
0.448512375
1.02503070833333
0.765591666666667
0.607010229166667
0.343060854166667
0.331051520833333
0.1767235
0.423065708333333
0.675441
0.761058020833333
0.564114291666667
0.77882325
0.637874270833333
0.776405020833333
0.697498354166667
0.6952478125
0.4460785
0.508478645833333
0.473716125
0.408381958333333
0.270368125
0.3574960625
0.141102270833333
0.110376125
0.076777375
0.142360979166667
0.0278670208333333
0.0951585833333333
0.0647237916666667
0.030632375
0.02330875
0.149043166666667
0.362957479166667
0.236816854166667
0.304979
0.202499979166667
0.518607229166667
0.249301791666667
0.172201541666667
0.196084270833333
0.2668819375
0.352977104166667
0.433970166666667
0.397487791666667
0.339423875
0.255079208333333
0.0971471666666667
0.106344854166667
0.031025125
0.0075353125
0.00564689583333333
0.115563041666667
0.196174270833333
0.310363729166667
0.114614458333333
0.0894545208333333
0.145373625
0.238676270833333
0.113553354166667
0.118612979166667
0.229089854166667
0.133113916666667
0.120658791666667
0.0626538541666667
0.192563979166667
0.189566916666667
0.147531729166667
0.182035666666667
0.4163454375
0.282851291666667
0.0724926666666667
0.0786660625
0.189541791666667
0.365994791666667
0.5703518125
0.483259229166667
0.511323479166667
0.481690895833333
0.364757708333333
1.02959879166667
0.526238104166667
0.413529333333333
0.47338325
0.351403541666667
0.129914208333333
0.151676625
0.427745291666667
0.660089791666667
0.707692958333333
0.866406541666667
0.898864395833333
0.3515361875
0.889175895833333
0.787765270833333
0.2468094375
0.17290225
0.051152125
0.168075875
0.2282406875
0.150979833333333
0.255022645833333
0.536018708333333
0.3330170625
0.8524554375
0.604787854166667
0.795509770833333
0.953344229166667
0.7111735
0.289743541666667
0
0
0.0653495625
0.132300583333333
0.241161645833333
0.479623375
0.459015916666667
0.732505020833333
0.865416541666667
0.718615479166667
0.551368979166667
1.334781625
1.02276358333333
1.39669222916667
1.28934872916667
1.32358020833333
0.634217395833333
0.818802833333333
1.15079016666667
1.09600533333333
0.836022291666667
0.89745925
0.731360791666667
0.691146458333333
0.376432520833333
0.677429583333333
0.804065791666667
0.6018266875
0.863648916666667
0.621645645833333
0.850330979166667
1.03046116666667
0.851281166666667
1.75323570833333
1.61357410416667
2.17113552083333
1.43285545833333
1.7611734375
1.745086125
2.1142298125
2.05548327083333
1.89051025
0.9539771875
2.33235039583333
2.57370339583333
2.49087304166667
2.75876395833333
3.0009724375
2.64518689583333
3.08711810416667
2.53901627083333
1.540054875
2.32457214583333
2.5854955
2.599104
3.04609997916667
3.39186964583333
3.7321988125
3.97824314583333
3.05238672916667
3.94650441666667
4.75827595833333
6.36430947916667
4.69152629166667
6.3016924375
3.73202266666667
6.73981972916667
6.80354416666667
6.59066958333333
5.9363404375
6.00764720833333
7.3020044375
7.89831179166667
7.92758816666667
8.160619125
8.7172936875
10.3181415208333
10.7821627083333
10.3160780416667
13.5212327083333
14.346976
11.9394177291667
14.1802532291667
11.0731721875
14.6968586458333
11.9553647083333
12.725173875
11.0043417083333
12.8673030625
13.6030574375
3.6113710625
15.3203623958333
17.294550125
16.732521625
17.6887126666667
17.86486275
17.8675335416667
16.8378943125
18.3091385833333
18.7032482708333
17.8914373541667
16.87350725
15.1889834791667
15.95751275
17.4492118333333
15.595107375
15.1495788541667
15.8410128125
13.9156286458333
14.9549352708333
15.1118856666667
14.1481767916667
17.0564753125
17.0485546041667
14.3734746458333
20.8029534583333
18.6345600208333
8.4818294375
9.6778928125
15.2536698125
14.6744406041667
14.0429322708333
12.3250829375
7.44717525
13.550228
15.498846
16.2737704791667
14.4981865625
13.1696784791667
12.7982393125
13.383284
11.3800318958333
13.9328252291667
9.8438829375
13.5083073958333
11.7858947083333
12.9813202916667
14.7952113125
16.6059095833333
13.5104164583333
12.0865725
13.5513185833333
13.4270025625
10.6738780625
9.3107930625
13.1333113541667
10.583952625
13.539629375
11.1591452083333
11.689211625
10.9456641041667
9.66965164583333
8.87036095833333
7.59679054166667
7.85171245833333
8.3641811875
7.92986235416667
6.97629122916667
9.23567858333333
8.4307400625
6.01202966666667
9.38570897916667
7.07697608333333
9.91379779166667
10.348270625
10.9891407916667
3.47994289583333
10.8914427708333
6.34647420833333
10.46750575
9.50188854166667
10.4224785625
11.275002125
12.340753375
9.1786573125
10.2892447291667
8.40586097916667
9.7183125
9.459157125
1.9044205
8.29323110416667
7.02473985416667
6.86370004166667
3.64680972916667
9.10942083333333
12.23813975
11.7627358333333
12.0803183333333
8.91963304166667
8.793248625
7.8496985
10.1910422916667
10.4294520833333
8.2997525
9.3397010625
7.42519566666667
8.0967975
4.69847764583333
6.96767410416667
6.44678345833333
8.05173714583333
7.01510895833333
8.01394991666667
5.70864347916667
8.17132077083333
7.661173375
7.25467752083333
6.85033252083333
7.0462946875
3.17219983333333
5.6327170625
7.78697639583333
7.4593425
6.20684758333333
6.36361885416667
6.01221389583333
5.87644
4.63381895833333
3.25605004166667
5.3164855625
4.62399614583333
4.7424976875
1.7403158125
4.78671522916667
4.11875729166667
4.30401435416667
5.08808733333333
3.846383625
2.68735697916667
4.4026499375
3.43253652083333
3.18403335416667
0.8394198125
1.74621602083333
2.5909148125
1.48928325
2.97502497916667
2.96497802083333
1.62020541666667
2.3561346875
2.36583477083333
0.831674375
1.79533252083333
0.365978729166667
1.17106625
1.39956979166667
1.33591516666667
0.357373395833333
1.20626864583333
0.628980166666667
1.193732125
0.954537229166667
0.656081604166667
0.718224708333333
0.639029145833333
0.487724729166667
1.35493072916667
0.8755795
0.737325916666667
0.343445416666667
0.222637770833333
0.682022395833333
0.113545916666667
0.137729979166667
0.265319020833333
0.359158979166667
0.120175854166667
0.309560041666667
0.538007604166667
0.586558166666667
0.514750895833333
0.36806525
0.321279229166667
0.204581833333333
0.0677569375
0.0640207083333333
0.0920856666666667
0.0431225208333333
0.115204166666667
0.30334775
0.253329020833333
0.400904541666667
0.477031229166667
0.351503291666667
0.2615535
0.326750395833333
0.1535900625
0.1856645
1.16086645833333
0.238919270833333
0.234767041666667
0.172378625
0.279464395833333
0.0735989375
0.160076520833333
0.434459895833333
0.536111541666667
0.6280575625
0.627861604166667
0.502485770833333
0.65904875
0.560614104166667
0.232012875
0.258950666666667
0.346348041666667
0.336991645833333
0.6843151875
0.516423541666667
0.417993416666667
0.419126020833333
0.641773416666667
0.828881604166667
0.362149020833333
0.305870083333333
0.414134833333333
0.150238354166667
0.139393416666667
0.0959896458333333
0.266805
0.258668041666667
0.562465458333333
0.531679645833333
0.110436854166667
0.157893375
0.257353833333333
0.335328625
0.350688125
0.317165708333333
0.318369291666667
0.782747166666667
0.8480545625
0.558510229166667
0.388067875
0.346731416666667
0.342624791666667
0.3199909375
0.228004416666667
0.0776842291666667
0.0521123125
0.0955807916666667
0.413976875
0.266615458333333
0.175101916666667
0.2540879375
0.184157958333333
0.2298003125
0.184888541666667
0.252459770833333
0.431041958333333
0.3881171875
0.369736020833333
0.471085583333333
0.456051708333333
0.5087749375
0.482819729166667
0.295760645833333
0.31073325
0.511981729166667
0.407102916666667
0.252262479166667
0.227860833333333
0.169127145833333
0.262482041666667
0.1574838125
0.428989125
0.371776145833333
0.627534583333333
0.863595979166667
0.808386770833333
0.408408
0.377914145833333
0.909402041666667
0.830919166666667
0.513850208333333
0.230608333333333
0.471705916666667
0.507178208333333
0.7107531875
0.798387520833333
0.848817979166667
0.486876291666667
0.586347104166667
1.02866870833333
0.716314395833333
0.8690543125
1.11087466666667
0.99649675
0.932637229166667
0.964318270833333
0.866510479166667
1.11445533333333
0.985723229166667
1.31071091666667
1.447831
1.0885346875
1.29807047916667
1.43664191666667
1.9254689375
1.85901566666667
1.63401466666667
1.02495747916667
1.72243347916667
2.26768120833333
1.78322597916667
1.72587520833333
2.36853629166667
2.5938926875
2.4500666875
3.31926908333333
3.80644629166667
4.22900839583333
4.64023925
4.42133252083333
4.61711564583333
4.5192255625
4.0647633125
3.65522264583333
3.7270144375
4.3595100625
5.594764
6.206393625
3.79061247916667
6.01886272916667
5.87988641666667
6.0988040625
5.8313551875
6.75784491666667
6.26272333333333
7.8709224375
7.9275369375
9.36968560416667
9.12030502083333
7.07372258333333
8.9264983125
7.32106414583333
7.927502625
7.23281075
10.3165541666667
11.6723415833333
11.3591718958333
11.0753581875
10.9587663958333
9.3680834375
10.2206593125
11.4064365625
3.14429129166667
8.00425670833333
12.0160925416667
12.3003327291667
14.0490996041667
12.8644392083333
12.5046002916667
13.5581476666667
12.6518596041667
17.1132992708333
16.2953063333333
16.0816120208333
16.4700028958333
14.8744402708333
13.3745631666667
13.2657988541667
12.870564125
14.2969597916667
13.8259355208333
12.1714896458333
14.7535277708333
14.1131548541667
15.2280855
14.299044625
10.8144347291667
11.0358142083333
5.63840879166667
5.79184029166667
17.5899623958333
16.1053264166667
17.907871875
16.8531976875
17.2931625625
14.5357400416667
15.5149804166667
17.5206672291667
16.2250294166667
15.6013921666667
15.4794266041667
13.6913409583333
11.17135075
17.0965115625
15.7708144791667
17.3931201875
12.2164977708333
17.4081887708333
14.2957871458333
16.1566388125
15.3887456041667
15.87221475
10.4043750833333
14.9823150208333
15.8942527708333
14.8945750625
14.7757756666667
9.83684377083333
14.5378107708333
14.5424568541667
15.5117812083333
15.5709759375
13.7071659375
14.9274548958333
12.5126735
5.8968266875
11.3443354791667
13.1870883333333
14.1499455416667
9.027117875
7.8675714375
12.6417170208333
13.8167873333333
12.2074879583333
11.1406733125
14.17931375
10.0453575208333
9.67324645833333
12.5521599583333
11.9918315416667
10.2648193333333
6.9712273125
9.94521070833333
11.9309600833333
10.7243809375
11.4255920833333
9.7766874375
10.5079748541667
8.38980554166667
9.1768681875
9.5637726875
11.1100609791667
11.2250597708333
7.43134779166667
10.4570000416667
6.787013
11.141033375
9.65407333333333
9.16477375
6.15791735416667
10.3663180416667
9.90582485416667
9.05680545833333
7.3851678125
9.23836866666667
8.01001720833333
6.5419543125
10.0904361458333
9.39909310416667
8.213096125
8.0994759375
9.06186327083333
4.72352547916667
7.22833070833333
5.66123072916667
8.112798375
8.070781375
8.81845008333333
7.6277780625
9.10897064583333
8.54561385416667
7.89708158333333
6.75041891666667
7.36162475
7.10611395833333
6.75475925
5.80290283333333
5.92662652083333
6.12159275
5.90505958333333
6.15711297916667
5.31222835416667
4.91150127083333
5.6547654375
5.99791020833333
3.25518670833333
2.88181379166667
3.55829560416667
5.2139341875
4.30403564583333
4.26955529166667
3.94863629166667
1.167027125
3.72282079166667
3.77759114583333
4.0094291875
3.20617277083333
2.71604360416667
3.97551495833333
2.355826125
1.593117375
2.39753775
2.13683327083333
2.36492129166667
2.25729433333333
0.825875395833333
1.91024270833333
2.55163960416667
1.72125525
2.5305346875
1.51623635416667
0.651754
0.737091625
0.6129954375
0.881068541666667
0.5508061875
0.814131791666667
0.5071110625
0.934362916666667
1.25424116666667
1.16715172916667
1.17789041666667
0.463789229166667
0.410566083333333
0.1810958125
0.517441854166667
0.2605905
1.29580845833333
0.4306170625
0.3586211875
0.345576791666667
0.393275333333333
0.4316885625
0.403821354166667
0.767367875
0.9826535625
0.517268291666667
0.489042458333333
0.22058375
0.348731791666667
0.935506083333333
0.926055895833333
0.281353791666667
0.283041125
0.700540208333333
0.409914416666667
0.372052125
0.278456020833333
0.4365464375
0.421598895833333
0.277167354166667
0.532644583333333
0.466155583333333
0.385516104166667
0.469920854166667
0.752198958333333
0.549287875
0.385633
0.412942083333333
0.245127229166667
0.139315145833333
0.30349
0.345382625
0.4089625
0.345842583333333
0.377226916666667
0.353833416666667
0.363578791666667
0.161990479166667
0.0945677291666667
0.0285020208333333
0.0242122291666667
0.0389753541666667
0.0693811875
0.0738204791666667
0.03720925
0.1297143125
0.0730926041666667
0.411603395833333
0.4445088125
0.276246958333333
0.247493041666667
0.00485964583333333
0.0119318125
0.00883877083333333
0.00174633333333333
0.0187261041666667
0.089680125
0.0963357291666667
0.0902625416666667
0.141504166666667
0.232286145833333
0.2631231875
0.071815875
0.0419296458333333
0.0397729583333333
0.0479106041666667
0.1732445
0.03213075
0.0405105416666667
0.0259396875
0.0842505416666667
0.125188145833333
0.0823110416666667
0.224300604166667
0.1431071875
0.156829604166667
0.0546530833333333
0
0
0
0
0
0
0
0
0.0192572708333333
0.0535337083333333
0.115104833333333
0.1571331875
0.299238625
0.516773479166667
0.481655520833333
0.4607719375
0.312510375
0.196265145833333
0.351762041666667
0.579526708333333
0.659254958333333
0.215481583333333
0.0217519166666667
0.0194744791666667
0
0
0.0279049583333333
0.1137638125
0.192284625
0.0740054375
0.282144479166667
0.0770295
0.345661625
0.180107354166667
0.4477751875
0.497760583333333
0.388876979166667
0.334690083333333
0.318881541666667
0.1371744375
0.293737458333333
0.216774541666667
0.3382358125
0.357327520833333
0.322162354166667
0.608389041666667
0.46570625
0.469874166666667
0.4655995625
0.265541375
0.403989958333333
0.281034541666667
0.1156549375
0.355473854166667
0.562616729166667
0.820445125
1.07373247916667
1.80952952083333
1.424428625
0.6216945625
1.11416520833333
0.950972020833333
1.8319126875
1.234154875
1.2583550625
1.7060573125
1.9054384375
0.6656105
0.967418833333333
1.69964172916667
2.60259604166667
1.7155488125
1.570028875
2.22120825
1.84223345833333
2.09758191666667
2.04196033333333
2.25376891666667
2.52351597916667
2.9270006875
2.65757172916667
2.30265433333333
2.5713375625
1.96385375
2.36638320833333
3.213509625
2.44892177083333
3.1377050625
3.52813860416667
3.83604666666667
4.2310646875
4.95422745833333
4.71919633333333
3.060449
4.6595128125
6.03999525
4.39027522916667
4.76906616666667
3.56439639583333
4.07202135416667
1.55438045833333
3.02420439583333
3.27923295833333
5.6889825625
4.93641464583333
1.54300095833333
3.34289202083333
6.1735953125
2.53344647916667
3.94575860416667
10.2035787916667
7.3474144375
9.91567170833333
10.4782472708333
14.1296474375
12.4405122083333
12.9246663958333
9.47626097916667
12.6192185833333
12.2712932291667
11.1129958333333
8.6853363125
12.1337518125
5.2233068125
11.2218483125
6.87983445833333
13.4918196666667
14.6100582708333
14.1419192708333
15.5578984791667
14.4690026041667
6.14692927083333
17.0606839583333
9.69292308333333
5.97536454166667
7.67997647916667
14.549899125
15.7288843541667
17.320521875
17.117651375
17.3719160625
17.32966375
15.3885194166667
15.3108385208333
15.7538031458333
17.9390899791667
17.8118376875
16.47237525
16.88743275
15.2904373125
15.446107625
19.4152021875
18.7535095416667
17.2375467083333
15.0704915416667
19.0366776666667
19.0678863541667
19.8348478125
16.7984433125
13.2130185208333
13.8231257916667
17.1759670208333
13.2222159375
16.2663223541667
16.9117970208333
15.1090138333333
16.5548343125
13.2649168333333
18.7025010208333
15.5303259583333
16.0605968333333
14.8655939583333
15.891375125
14.6492525625
13.0866044583333
14.8760619166667
11.8470430416667
12.137178875
11.9232669375
13.7813922916667
13.8329602291667
11.0911334166667
14.0492549166667
9.73191414583333
6.714619
13.5291543125
12.8630232708333
10.1921372916667
13.9434973958333
14.2430577083333
12.6143684583333
13.9597926458333
14.3095379375
4.95856604166667
12.3832528958333
12.8318429375
8.6153178125
6.91722
11.3658663958333
6.14858960416667
8.58972652083333
7.68845070833333
2.90860054166667
6.47634820833333
10.6981684583333
10.3477499791667
10.0162093333333
7.71939002083333
7.04090529166667
9.38513995833333
9.3849843125
10.50499825
9.06258475
10.0033731875
6.16299708333333
9.48913541666667
9.27594902083333
9.2818004375
9.19171166666667
6.89388504166667
6.249010125
7.5828761875
6.496281
5.47719341666667
6.43571133333333
4.250031
2.77249420833333
3.20838027083333
5.0912415
8.047693125
5.50817714583333
6.88213133333333
7.363808375
6.64262279166667
7.82467395833333
5.20742239583333
1.61584204166667
6.4789034375
6.73861104166667
7.13260229166667
6.17796725
6.42571420833333
2.84173045833333
2.3300009375
4.6733895
6.2015391875
5.498169
5.68296404166667
5.21414758333333
3.77529777083333
5.70538472916667
3.67788666666667
3.744624125
1.87334697916667
2.46981204166667
4.95846864583333
3.985005625
4.62767260416667
3.76041885416667
3.80641052083333
3.37621558333333
2.01926689583333
3.14396164583333
2.55033877083333
1.9145888125
2.38351066666667
1.75396679166667
2.058244375
1.87234308333333
1.34467075
1.06390470833333
1.29885302083333
1.30804633333333
0.2994010625
0.398754791666667
0.435272020833333
0.633871958333333
0.510312208333333
0.307729354166667
0.238321416666667
0.792253145833333
0.28876
0.590658708333333
1.02932745833333
1.16024797916667
0.8837315
0.4631200625
0.316363645833333
0.686608770833333
0.454083083333333
0.974054104166667
0.267001416666667
1.03104416666667
1.04397922916667
0.815585958333333
0.33550825
0.344110916666667
0.293791520833333
0.243740520833333
0.152218125
0.0877632291666667
0.177033145833333
0.2109480625
0.175038229166667
0.240382895833333
0.276014875
0.271445833333333
0.35659325
0.391415604166667
0.3399783125
0.3606805
0.331219916666667
0.403655645833333
0.481579229166667
0.257154479166667
0.0590790416666667
0
0
0
0
0
0
0
0
0
0
0
0
0
0
0
0
0
0
0
0
0
0
0
0.187604479166667
0.188743625
0.234985208333333
0.122056854166667
0.179334979166667
0.0579770625
0.279237833333333
0.0818448958333333
0.151378229166667
0.184652104166667
0.131154270833333
0.140025083333333
0.0842502083333333
0.03813175
0.162761916666667
0.107724145833333
0.117524416666667
0.119642416666667
0.202041625
0.238605729166667
0.162451166666667
0.152909458333333
0.218993625
0.159874104166667
0.1375064375
0.220003125
0.2970176875
0.4270618125
0.3825156875
0.294448104166667
0.0951215833333333
0.114208916666667
0.204785125
0.451926895833333
0.536575979166667
0.730631
0.7872003125
0.652680875
0.722899291666667
0.385897270833333
0.120727208333333
0.115584520833333
0.447681604166667
0.362218833333333
0.3413890625
0.30500675
0.0989115416666667
0.137114166666667
0.133255541666667
0.410537520833333
0.435102458333333
0.268244729166667
0.253936645833333
0.404798458333333
0.44541275
0.447321979166667
0.487959458333333
0.226623375
0.231771729166667
0.270377166666667
0.193519604166667
0.239075729166667
0.3152863125
0.6307395625
0.679844270833333
0.534523791666667
0.662824708333333
0.5325253125
0.3180600625
0.594938458333333
0.6374151875
0.555482125
0.2089513125
0.475262104166667
0.899260583333333
0.288032666666667
0.2095585625
0.707948625
0.823741541666667
0.794209020833333
1.34817483333333
1.3074914375
1.29868197916667
0.354542645833333
0.892669895833333
1.059467875
1.22903983333333
0.946714729166667
1.27680054166667
1.17910870833333
1.49805004166667
1.11698845833333
1.17082664583333
2.2947160625
1.8892423125
1.85001377083333
2.18837002083333
1.7284939375
1.9631915625
1.986604375
2.13026172916667
1.16836125
1.11308033333333
2.4315105625
2.77496425
2.58537758333333
2.8370929375
3.59795152083333
4.29804077083333
5.39042545833333
6.01930625
6.72952583333333
7.24458985416667
7.03124358333333
6.74897989583333
7.15259470833333
7.219399875
7.87967466666667
8.91357916666667
8.4993888125
7.09887375
6.60870664583333
5.13434929166667
7.59373391666667
7.4577336875
8.9676455
10.1969303958333
11.5098956875
12.5153527291667
12.4166924375
12.1330517291667
14.7818831666667
15.5854117083333
11.5415722083333
15.3033529791667
10.0435377291667
11.358073
10.2869958541667
13.319128125
15.6315167916667
16.5536941666667
11.380549875
16.182751375
14.6163482916667
16.7256093125
15.2735632083333
14.1637565625
13.529898875
13.4509555625
15.733797125
13.2167577916667
16.8829155416667
15.2115799583333
16.3674016458333
15.4030880208333
16.3185995833333
15.0911165208333
9.19214514583333
16.633059625
16.2871399791667
20.4717248333333
17.6186245208333
18.7580608333333
15.5849373958333
16.3199105208333
17.9588668541667
12.72771475
15.2459172916667
8.04867260416667
16.4701602708333
15.7072115416667
15.213119875
14.2951372291667
15.6940216666667
16.2996227083333
15.3654389583333
13.631331875
13.9364339583333
14.21870125
15.7294094375
4.65652970833333
12.2799356041667
9.02236760416667
17.6015003958333
8.1652278125
12.5032309166667
15.6600660416667
14.2728469583333
6.72819827083333
12.7347895208333
13.7360722708333
14.5269573958333
15.7608069791667
5.31238527083333
5.36979125
9.15022689583333
16.1451488333333
8.19634439583333
12.5775963958333
15.2270705
14.525727375
8.87126314583333
2.86098629166667
6.34445747916667
5.35134647916667
6.81225902083333
9.29271716666667
12.4071495833333
11.7314505416667
11.0667537291667
12.6159129166667
12.416727875
7.93427341666667
11.4425439791667
11.4085634583333
10.3700380416667
7.88784358333333
12.6790406458333
10.9727092083333
9.5829821875
12.564312125
10.5528025625
3.99838720833333
8.55457116666667
6.26083972916667
8.58342808333333
11.2019411458333
10.963447125
9.6848005625
11.7797955
5.37049225
10.394349375
10.332162375
10.4481170625
9.6988136875
8.45656891666667
6.7328098125
8.816239125
3.49354860416667
10.084368375
8.200329375
8.66481197916667
9.43925291666667
9.60398777083333
8.50042904166667
9.906533875
8.92780552083333
5.92541175
7.37967904166667
7.34068908333333
8.00263170833333
8.99068622916667
5.63965933333333
8.330209875
6.67551439583333
7.49742964583333
6.2657758125
7.98960441666667
8.12882422916667
3.2603845
1.82153654166667
6.69087339583333
4.444997125
2.85414310416667
7.32107108333333
7.17091933333333
6.36926902083333
7.25206954166667
6.07373620833333
7.02296947916667
6.1256430625
6.7451085
7.12748329166667
7.21697904166667
6.86549627083333
5.5800894375
5.68879872916667
2.77008366666667
1.854009375
4.56506820833333
3.2337740625
4.33743372916667
2.41158422916667
4.25091135416667
3.58759935416667
4.0746171875
3.7692950625
4.32564129166667
4.32685033333333
3.59095852083333
1.25122883333333
2.5960265
2.61899725
1.96256654166667
2.27195545833333
2.496359625
1.26109695833333
2.161747875
1.0500504375
1.680550125
1.45015427083333
1.5812600625
1.1058253125
0.873734083333333
1.65644827083333
0.832297354166667
0.844487583333333
1.1896661875
1.42220770833333
0.674999416666667
0.394384208333333
0.597132895833333
0.671645083333333
0.7999914375
0.480523479166667
0.792249270833333
0.731777791666667
0.3954881875
0.654713375
0.325169333333333
0.1923188125
0.269127166666667
0.409899958333333
0.473499875
0.609032479166667
0.671371854166667
0.244329125
0.276427520833333
0.229440354166667
0.670838708333333
0.300122916666667
0.728397520833333
0.523551395833333
0.502683041666667
0.118427083333333
0.156090291666667
0.0687602083333333
0.371544895833333
0.4566420625
0.292801625
0.103737083333333
0.513148041666667
0.3212731875
0.479602166666667
0.266096625
0.0746657083333333
0.0491482916666667
0.159576166666667
0.325658458333333
0.3727550625
0.536662416666667
0.400574541666667
0.4476700625
0.186473708333333
0.256917145833333
0.315540875
0.2679025
0.686982270833333
0.398353333333333
0.385078708333333
0.428113458333333
0.1659285625
0.398073875
0.204370604166667
0.2953836875
0.0608934583333333
0.15455975
0.0343095833333333
0.223927708333333
0.143448354166667
0.550697270833333
0.305763833333333
0.363776875
0.293059104166667
0.171258
0.0523553125
0.0361332708333333
0.314430854166667
0.49862525
0.535779666666667
0.435172
0.316364791666667
0.308977541666667
0.1918233125
0.249906125
0.0471734375
0.094523875
0.274799104166667
0.366609229166667
0.271479145833333
0.5040305625
0.315953666666667
0.307626645833333
0.370526791666667
0.4765725625
0.402767770833333
0.223087166666667
0.202182229166667
0.247346354166667
0.230151791666667
0.104913541666667
0.1166928125
0.0892209166666667
0.0211760416666667
0.0601338125
0.0983618958333333
0.0492895208333333
0.0156169791666667
0.0626120208333333
0.014331
0.0704991041666667
0.0347861666666667
0.05005325
0.0176049583333333
0.161525875
0.3202085
0.42434675
0.4527088125
0.798183375
0.6682103125
0.421577916666667
0.4797038125
0.22852075
0.5226478125
0.630124
0.7597585625
1.286019375
1.43547220833333
0.974728833333333
1.07589954166667
1.34492089583333
0.786446
1.49589829166667
0.981792083333333
1.04715014583333
1.20057072916667
1.58421641666667
1.36814454166667
1.0606289375
0.3009985625
1.30997164583333
0.813593833333333
0.759022416666667
1.48723697916667
1.1145844375
1.5579960625
1.82503358333333
1.95859679166667
1.70053883333333
2.16312058333333
2.04829954166667
2.2539595625
2.65501827083333
2.36943183333333
1.99037433333333
1.58719433333333
1.39439270833333
2.03068177083333
2.36094710416667
2.59358025
2.62416054166667
1.50255245833333
1.53417933333333
1.6787295625
0.841345895833333
0.951136875
1.8686229375
2.14601725
2.5338564375
2.99068585416667
1.837781625
3.40425025
2.94811560416667
2.57621139583333
4.715848375
4.03487689583333
3.40109525
3.96067597916667
3.59173527083333
2.83110116666667
3.34124775
3.04667225
5.62923745833333
3.66271989583333
6.11573872916667
7.12293760416667
6.74831141666667
6.5362005625
6.34783572916667
5.53424083333333
8.40424010416667
7.6283440625
7.40730639583333
8.165952375
7.117202125
6.33953922916667
9.01071377083333
8.78724691666667
12.0536486458333
10.006596875
8.727972125
6.5842423125
11.0951312916667
12.3612537916667
10.4541597291667
13.071906625
15.225495875
15.7524285416667
17.0656804375
16.5753704166667
17.8902931666667
15.8425431666667
17.1057456666667
17.7496562083333
12.113538125
11.2855715416667
13.320814625
16.3215306041667
15.4765515625
16.2715698541667
11.9770120833333
14.7855234583333
12.7660352708333
12.2862592083333
10.9323648125
14.5637661041667
11.0165825416667
16.8065531875
14.7724820208333
18.6669986041667
13.1564412916667
17.7738738125
14.133108375
16.2677383541667
15.1346294166667
17.646823875
15.4440409166667
16.7355916666667
9.81677475
15.7812795
7.39139658333333
14.7172926666667
16.2010150416667
18.9986916458333
17.1126955833333
10.8546079166667
14.054905625
13.2579591666667
13.6815572916667
14.32196875
15.77203125
15.6805564583333
11.6866147916667
14.761096875
15.8278779166667
11.9547287291667
13.9537066666667
15.214360625
15.4685495833333
15.4534899166667
13.6560112291667
15.0403386666667
15.5009154583333
15.211046625
14.2696284166667
11.14877375
13.3737795208333
14.73677625
15.1114292708333
16.2193762916667
14.0325082291667
12.6138044166667
14.2408738958333
13.5568279583333
9.4900955
8.62229389583333
12.3209878333333
13.1333389375
12.3329045416667
9.77688525
12.490125
10.8345362291667
11.3156106666667
9.501238
12.4736167291667
13.1240154166667
12.3265837708333
9.62705297916667
12.3644152708333
10.5237773541667
12.764944375
12.5413162708333
12.6115137916667
8.95376941666667
11.2868566458333
9.75342202083333
11.0058889583333
11.2292965833333
9.15836083333333
10.6423418125
11.00505825
9.36153602083333
7.34334416666667
8.96443964583333
10.5755185208333
6.21403670833333
11.29614175
9.69928745833333
10.128176125
9.77324075
8.88151133333333
7.41800127083333
8.09834395833333
7.58153958333333
8.83876564583333
8.2416775625
8.2028019375
7.3280205
8.10542829166667
4.65006179166667
7.67359695833333
7.95970160416667
4.12049035416667
6.53091997916667
6.503543875
7.09933710416667
5.01153502083333
7.47503841666667
7.0376985
4.6544464375
5.63493333333333
7.17872583333333
3.37930297916667
3.83454970833333
1.33243316666667
3.62049695833333
5.46375808333333
4.84809435416667
6.26869477083333
4.86118008333333
4.63824114583333
4.10071225
4.17730872916667
2.98720104166667
4.00308802083333
5.29254925
5.45133077083333
5.26115435416667
4.86568264583333
4.26575108333333
4.33326760416667
2.91011854166667
1.94616358333333
2.527776875
2.1930173125
2.82831089583333
2.63720516666667
2.6882595
2.59386475
1.1341970625
0.839146791666667
0.673316229166667
1.02805095833333
1.31025302083333
1.41122070833333
1.15959510416667
0.9473419375
0.5406293125
0.901746104166667
0.853322208333333
0.830046104166667
0.936563958333333
0.979496145833333
1.00291566666667
0.2701060625
0.673103854166667
0.4481204375
0.512969666666667
0.578037291666667
0.5859785625
0.381733979166667
0.336756958333333
0.264856916666667
0.132261208333333
0.683953375
0.699945916666667
0.603434645833333
0.534886708333333
0.6374399375
0.398398958333333
0.312566666666667
0.4793075625
0.483861520833333
0.155046416666667
0.0445500416666667
0.379949645833333
0.1499475
0.0989299375
0.221587395833333
0.355104791666667
0.573948520833333
0.377826729166667
0.258907583333333
0.294111708333333
0.3901731875
0.297816208333333
0.214109479166667
0.25780325
0.0649121041666667
0.0920480625
0.0751684375
0.0471554791666667
0.0232472291666667
0.0520054791666667
0.1399595625
0.193535
0.12160975
0.0926285625
0.278631458333333
0.3374855
0.567878166666667
0.252352791666667
0.109773895833333
0.335101895833333
0.246429104166667
0.335553083333333
0.100190333333333
0.137119208333333
0.0381206875
0.082857
0.018426
